version https://git-lfs.github.com/spec/v1
oid sha256:91d89953fc4f29f1f1f89ccf9bd99c938364c195a30936d08bdafcfaa4c96b15
size 457
